GeoFIPS	GeoName	Region	TableName	LineCode	IndustryClassification	Description	Unit	2001	2002	2003	2004	2005	2006	2007	2008	2009	2010	2011	2012	2013	2014	2015	2016	2017	2018	2019
 39000	Ohio	3.0	CAINC6N	900.0	51	   Information	Thousands of dollars	5973219	5720573	5851861	5897128	5834433	5837625	6021606	6006467	5837622	5656553	5801215	5811677	6060879	6021547	6063998	6024405	6126969	6270536	6379033
 39001	Adams, OH	3.0	CAINC6N	900.0	51	   Information	Thousands of dollars	1533	1685	1638	1685	1851	1875	1873	1808	1921	1748	(D)	2221	2356	2653	3065	(D)	(D)	1717	1911
 39003	Allen, OH	3.0	CAINC6N	900.0	51	   Information	Thousands of dollars	36325	34225	37529	37980	35927	36380	36507	36649	37146	34786	35323	34315	33639	33910	35006	31647	30024	29353	29305
 39005	Ashland, OH	3.0	CAINC6N	900.0	51	   Information	Thousands of dollars	11002	6916	5179	10610	12888	12209	14618	13450	17092	16547	17073	17051	(D)	11584	16196	13749	14017	15074	16658
 39007	Ashtabula, OH	3.0	CAINC6N	900.0	51	   Information	Thousands of dollars	19232	20057	18954	20015	18705	18687	18963	18496	18525	16633	16527	15619	15821	16072	(D)	15768	15286	15147	14048
 39009	Athens, OH	3.0	CAINC6N	900.0	51	   Information	Thousands of dollars	9955	10011	11914	12982	12204	12155	12648	16467	15871	13671	14202	15195	17080	20410	18727	18541	24282	25112	24674
 39011	Auglaize, OH	3.0	CAINC6N	900.0	51	   Information	Thousands of dollars	8487	8743	9059	9585	10013	11884	13344	11526	11016	10080	10367	10217	11057	11939	12266	11624	11980	13212	13800
 39013	Belmont, OH	3.0	CAINC6N	900.0	51	   Information	Thousands of dollars	18371	21047	22203	22499	22198	23279	22504	22986	22109	19234	19497	18114	18544	18348	19189	22741	32192	16607	16403
 39015	Brown, OH	3.0	CAINC6N	900.0	51	   Information	Thousands of dollars	2573	3054	3886	3537	3349	3031	3074	3267	2458	1948	2054	2162	2140	1995	2070	1943	1462	1534	1654
 39017	Butler, OH	3.0	CAINC6N	900.0	51	   Information	Thousands of dollars	46576	32955	44688	46863	46334	57375	56835	61275	66917	63860	68950	65217	59724	65112	66119	56124	60068	82347	83877
 39019	Carroll, OH	3.0	CAINC6N	900.0	51	   Information	Thousands of dollars	3269	3276	4046	4700	3410	2159	2019	2012	2045	1874	1907	2403	(D)	2431	2186	1811	1641	1765	2071
 39021	Champaign, OH	3.0	CAINC6N	900.0	51	   Information	Thousands of dollars	5032	4772	4912	5152	5018	4737	4743	4606	5403	5316	4764	4807	4631	4123	4069	4003	4649	4316	3754
 39023	Clark, OH	3.0	CAINC6N	900.0	51	   Information	Thousands of dollars	22334	14637	11518	16895	16593	18449	17809	16459	18652	15098	16516	15425	14669	14004	12038	10293	8961	9024	8641
 39025	Clermont, OH	3.0	CAINC6N	900.0	51	   Information	Thousands of dollars	130214	(D)	87430	91770	102646	107489	116373	108421	107607	113516	111673	113783	112313	122727	134768	137671	(D)	(D)	(D)
 39027	Clinton, OH	3.0	CAINC6N	900.0	51	   Information	Thousands of dollars	16104	16088	16910	13573	12369	12124	12936	14630	16241	16345	17272	17446	16499	16850	20686	18921	38388	58778	(D)
 39029	Columbiana, OH	3.0	CAINC6N	900.0	51	   Information	Thousands of dollars	12313	12226	12435	8890	7219	7692	7843	7920	7512	7339	7591	6695	7380	9199	10632	9907	10881	10092	9900
 39031	Coshocton, OH	3.0	CAINC6N	900.0	51	   Information	Thousands of dollars	4284	3716	3857	4324	4218	4324	4521	4160	3964	3553	3442	3186	3148	3533	3423	3272	3497	3409	3378
 39033	Crawford, OH	3.0	CAINC6N	900.0	51	   Information	Thousands of dollars	3664	3424	3894	3494	3415	4049	3644	3806	2636	2403	2098	1851	1767	2920	3228	2963	2626	3107	2775
 39035	Cuyahoga, OH	3.0	CAINC6N	900.0	51	   Information	Thousands of dollars	1206998	1159862	1156646	1191445	1159641	1154772	1194580	1176475	1098448	1060655	1092629	1067544	1119100	1133859	1146946	1121230	1112847	1158191	1119780
 39037	Darke, OH	3.0	CAINC6N	900.0	51	   Information	Thousands of dollars	5842	5011	5129	4927	4895	5983	4908	4941	5269	5138	5146	5026	4934	4374	4531	4631	4223	4468	4434
 39039	Defiance, OH	3.0	CAINC6N	900.0	51	   Information	Thousands of dollars	8881	9700	11428	12251	12646	13413	14689	14487	15550	15053	12238	11747	11514	11520	12278	12177	11032	11134	10743
 39041	Delaware, OH	3.0	CAINC6N	900.0	51	   Information	Thousands of dollars	11545	17115	18943	63797	71116	83742	90326	69303	68469	80352	88417	117430	82940	71334	55499	63112	60888	58900	67575
 39043	Erie, OH	3.0	CAINC6N	900.0	51	   Information	Thousands of dollars	17769	18995	18563	18926	18694	16232	17727	15210	16755	16876	18108	16240	15204	16271	18848	21724	23821	23760	46799
 39045	Fairfield, OH	3.0	CAINC6N	900.0	51	   Information	Thousands of dollars	10608	10942	12578	13663	13457	13539	13799	13293	12756	14681	15142	17629	17598	17577	16236	15715	14631	15082	14318
 39047	Fayette, OH	3.0	CAINC6N	900.0	51	   Information	Thousands of dollars	2169	2145	2610	3089	2757	2778	3027	3090	2825	2547	2500	2354	2714	2636	(D)	2583	2423	2458	2267
 39049	Franklin, OH	3.0	CAINC6N	900.0	51	   Information	Thousands of dollars	1471747	1311659	1318231	1220725	1230774	1214439	1266340	1226481	1220775	1181634	1248641	1247658	1473590	1449056	1415266	1416899	1469099	1571507	1649620
 39051	Fulton, OH	3.0	CAINC6N	900.0	51	   Information	Thousands of dollars	4420	5593	5961	7045	7103	6285	5531	5317	5350	4570	4607	4377	4566	4637	5158	3241	2873	2684	2282
 39053	Gallia, OH	3.0	CAINC6N	900.0	51	   Information	Thousands of dollars	5159	5225	4370	4527	4110	4255	4531	4113	3846	3773	4652	4592	4834	5207	4359	4206	4094	3171	3112
 39055	Geauga, OH	3.0	CAINC6N	900.0	51	   Information	Thousands of dollars	7590	7077	7695	9573	9678	7690	8287	8253	8641	8284	9345	9511	8451	8978	8340	8736	7089	9226	9055
 39057	Greene, OH	3.0	CAINC6N	900.0	51	   Information	Thousands of dollars	63334	64030	52231	68862	77683	75850	89343	98119	100157	97196	78899	59330	58350	59854	55791	49045	51598	60975	63005
 39059	Guernsey, OH	3.0	CAINC6N	900.0	51	   Information	Thousands of dollars	7501	7549	8365	8397	5932	4865	5506	5897	5138	4468	4557	4475	4537	4515	4479	4440	4289	3949	3603
 39061	Hamilton, OH	3.0	CAINC6N	900.0	51	   Information	Thousands of dollars	876296	832958	807942	763464	761617	759023	746933	773249	726585	738178	749227	827648	879216	846759	910776	918812	934469	914627	945301
 39063	Hancock, OH	3.0	CAINC6N	900.0	51	   Information	Thousands of dollars	19877	21942	23158	23583	20445	20414	22004	23269	24250	22155	23173	19329	20311	21180	21491	19784	20097	21367	21097
 39065	Hardin, OH	3.0	CAINC6N	900.0	51	   Information	Thousands of dollars	2855	3145	3386	3237	3208	3226	3218	3222	3058	2652	2388	2288	2290	2041	2077	1922	1647	1565	(D)
 39067	Harrison, OH	3.0	CAINC6N	900.0	51	   Information	Thousands of dollars	969	922	1089	1259	1065	972	976	949	872	(D)	883	(D)	(D)	(D)	(D)	(D)	(D)	(D)	2559
 39069	Henry, OH	3.0	CAINC6N	900.0	51	   Information	Thousands of dollars	4705	4529	4902	5999	5960	6111	6529	6435	6217	6229	5942	5550	5329	5254	5341	5231	4760	4878	4567
 39071	Highland, OH	3.0	CAINC6N	900.0	51	   Information	Thousands of dollars	13967	13586	15911	17550	18430	17888	17293	14911	14558	13508	14440	13786	8896	4510	4161	3982	3969	3629	3030
 39073	Hocking, OH	3.0	CAINC6N	900.0	51	   Information	Thousands of dollars	2502	1987	2147	2405	2143	1743	2011	2364	2588	2341	2181	2274	2428	2785	2296	2609	2159	1833	2990
 39075	Holmes, OH	3.0	CAINC6N	900.0	51	   Information	Thousands of dollars	(D)	2721	2926	2812	3054	3449	3896	3272	3641	3937	3526	3856	4442	4882	5116	3591	3734	3824	4342
 39077	Huron, OH	3.0	CAINC6N	900.0	51	   Information	Thousands of dollars	16460	14448	15115	14589	13352	13759	13951	13859	13239	13423	14185	14014	10407	10130	10087	8388	8676	7864	8767
 39079	Jackson, OH	3.0	CAINC6N	900.0	51	   Information	Thousands of dollars	3362	3900	4495	4114	4085	3908	3981	4058	3871	3656	3895	3877	3793	3715	3821	3126	2930	2905	2390
 39081	Jefferson, OH	3.0	CAINC6N	900.0	51	   Information	Thousands of dollars	27581	24605	27995	28939	28801	27732	27856	27490	27408	27198	31044	30085	26349	21735	21280	22885	20899	16138	15573
 39083	Knox, OH	3.0	CAINC6N	900.0	51	   Information	Thousands of dollars	8690	8834	11009	12624	17094	17252	16919	15839	16154	15421	14990	9845	8560	8563	8144	8675	9265	9400	8351
 39085	Lake, OH	3.0	CAINC6N	900.0	51	   Information	Thousands of dollars	39581	37204	44283	42266	38733	42112	40756	41741	41446	59929	64238	67192	45174	51673	50061	50948	71594	65408	68848
 39087	Lawrence, OH	3.0	CAINC6N	900.0	51	   Information	Thousands of dollars	4685	4841	5124	5211	5394	5702	5837	5459	5028	4564	4775	4668	4994	5235	5110	4864	4730	4708	5580
 39089	Licking, OH	3.0	CAINC6N	900.0	51	   Information	Thousands of dollars	25037	30615	29097	31885	30265	26993	26566	27033	28737	25692	23897	22918	22182	22418	21862	18859	17731	17938	16745
 39091	Logan, OH	3.0	CAINC6N	900.0	51	   Information	Thousands of dollars	4832	4568	4611	4621	4508	4723	4964	5187	5514	4768	4937	3941	4457	4855	4619	4460	3513	3759	3391
 39093	Lorain, OH	3.0	CAINC6N	900.0	51	   Information	Thousands of dollars	60057	59269	59032	60858	63639	66002	61756	48654	45320	40891	44276	40735	41935	40714	37492	36076	37027	42050	41753
 39095	Lucas, OH	3.0	CAINC6N	900.0	51	   Information	Thousands of dollars	189319	191892	202505	204813	188715	194679	192874	184030	172795	164810	172786	171979	179272	182834	170848	168333	123423	119215	136540
 39097	Madison, OH	3.0	CAINC6N	900.0	51	   Information	Thousands of dollars	2282	2326	2478	2586	2562	2511	2578	2945	3095	3020	3771	4335	5506	3693	3027	2858	2924	2777	1994
 39099	Mahoning, OH	3.0	CAINC6N	900.0	51	   Information	Thousands of dollars	89423	97455	101985	103502	106345	105652	119772	108917	104915	69719	72478	71526	71369	67787	77335	76853	76092	75203	74179
 39101	Marion, OH	3.0	CAINC6N	900.0	51	   Information	Thousands of dollars	71372	64207	63222	71977	61941	54255	55803	51857	50885	43629	41857	49919	45032	37212	34870	35679	21678	17537	16744
 39103	Medina, OH	3.0	CAINC6N	900.0	51	   Information	Thousands of dollars	25289	24607	26908	29637	28768	28077	27082	26548	23376	22700	19585	19058	20849	23209	23574	24530	22967	24925	25844
 39105	Meigs, OH	3.0	CAINC6N	900.0	51	   Information	Thousands of dollars	(D)	(D)	(D)	(D)	(D)	(D)	(D)	(D)	(D)	(D)	(D)	(D)	662	583	(D)	624	(D)	779	804
 39107	Mercer, OH	3.0	CAINC6N	900.0	51	   Information	Thousands of dollars	6028	6236	6301	6604	6462	6986	7385	7407	7743	7692	8316	8573	8326	8716	9076	8607	7717	7779	7837
 39109	Miami, OH	3.0	CAINC6N	900.0	51	   Information	Thousands of dollars	15042	15809	16854	15701	15811	15919	13449	12438	11993	11390	9821	6781	5795	4832	4655	4718	4309	4152	4568
 39111	Monroe, OH	3.0	CAINC6N	900.0	51	   Information	Thousands of dollars	1462	1417	1392	(D)	(D)	(D)	(D)	(D)	1147	1019	1085	(D)	899	895	(D)	(D)	(D)	(D)	586
 39113	Montgomery, OH	3.0	CAINC6N	900.0	51	   Information	Thousands of dollars	579256	620757	683251	672311	672345	660566	685502	774900	720592	693345	699672	670345	665558	667171	669923	673305	657767	627735	620261
 39115	Morgan, OH	3.0	CAINC6N	900.0	51	   Information	Thousands of dollars	1311	1262	1287	1152	(D)	1257	1216	1158	1768	1299	1417	1273	1271	1341	1373	1298	1215	1188	1209
 39117	Morrow, OH	3.0	CAINC6N	900.0	51	   Information	Thousands of dollars	1547	1468	1098	1167	1047	2087	2313	2482	2415	2318	1975	1153	1040	979	(D)	973	1077	(D)	915
 39119	Muskingum, OH	3.0	CAINC6N	900.0	51	   Information	Thousands of dollars	12573	13088	13916	14367	15296	16853	20954	22158	26242	24372	25179	26803	29390	33844	33036	34125	33318	33832	37866
 39121	Noble, OH	3.0	CAINC6N	900.0	51	   Information	Thousands of dollars	(D)	615	675	545	507	894	909	(D)	(D)	893	927	705	691	713	731	626	624	719	718
 39123	Ottawa, OH	3.0	CAINC6N	900.0	51	   Information	Thousands of dollars	4865	4582	4963	4660	4514	4432	4526	4755	4656	3988	4578	4407	3921	4052	4203	3810	3154	2970	2370
 39125	Paulding, OH	3.0	CAINC6N	900.0	51	   Information	Thousands of dollars	1009	1040	1104	943	884	653	682	746	861	871	910	816	819	935	862	882	886	971	1174
 39127	Perry, OH	3.0	CAINC6N	900.0	51	   Information	Thousands of dollars	2578	3002	2939	2282	2116	2062	2059	1882	1954	1864	1651	1682	1591	1516	1301	1060	1362	1469	1030
 39129	Pickaway, OH	3.0	CAINC6N	900.0	51	   Information	Thousands of dollars	(D)	4105	4134	4147	4151	4216	3798	3373	3318	3218	3200	2792	6713	5570	3992	3408	2865	1980	2242
 39131	Pike, OH	3.0	CAINC6N	900.0	51	   Information	Thousands of dollars	4379	3818	5087	4352	2089	2018	1969	2066	1934	1817	1763	1844	1830	1690	1756	1732	1852	1895	2161
 39133	Portage, OH	3.0	CAINC6N	900.0	51	   Information	Thousands of dollars	22133	19144	18591	19471	19984	21143	20813	19806	18648	15072	17186	18930	21260	23640	29823	31285	33453	36503	35550
 39135	Preble, OH	3.0	CAINC6N	900.0	51	   Information	Thousands of dollars	1520	1479	1364	1924	2638	2406	1638	1365	1230	1249	1235	1260	1122	1196	1830	1428	1489	1305	1046
 39137	Putnam, OH	3.0	CAINC6N	900.0	51	   Information	Thousands of dollars	3086	3220	3469	3262	3339	4156	4303	3929	3863	3766	3189	3096	3211	3134	3862	3846	4374	4168	3391
 39139	Richland, OH	3.0	CAINC6N	900.0	51	   Information	Thousands of dollars	73755	77015	75285	76824	64550	66546	68603	64341	65354	64752	62859	58816	58641	57172	50926	43510	37730	35139	32749
 39141	Ross, OH	3.0	CAINC6N	900.0	51	   Information	Thousands of dollars	30826	33193	34398	32584	28887	29798	30009	31485	24458	25312	26462	27789	22865	22443	20854	20234	21059	26479	19374
 39143	Sandusky, OH	3.0	CAINC6N	900.0	51	   Information	Thousands of dollars	10993	10954	10986	11800	12133	8424	8184	7755	7265	6821	7065	7389	7802	6983	7576	7281	8152	7754	7797
 39145	Scioto, OH	3.0	CAINC6N	900.0	51	   Information	Thousands of dollars	10911	9954	10642	10962	10487	11196	11738	11773	12360	11545	11587	10155	10807	11074	10554	8538	7934	7312	7478
 39147	Seneca, OH	3.0	CAINC6N	900.0	51	   Information	Thousands of dollars	11187	11038	11703	9447	9854	9609	10164	10271	10213	9329	9495	9264	9954	10360	9513	9361	7864	7552	7006
 39149	Shelby, OH	3.0	CAINC6N	900.0	51	   Information	Thousands of dollars	12234	10763	12235	12690	13172	13563	14055	12933	12790	11847	10802	10153	10159	9440	8264	7187	6897	7149	6445
 39151	Stark, OH	3.0	CAINC6N	900.0	51	   Information	Thousands of dollars	96541	96533	101861	103190	102437	104212	106844	103481	103599	100427	98725	95535	93736	98466	96338	92932	89000	94112	89545
 39153	Summit, OH	3.0	CAINC6N	900.0	51	   Information	Thousands of dollars	233371	216132	234741	248736	248333	265498	274043	272262	273134	251742	263007	263545	279703	291481	304025	328426	362889	383394	408468
 39155	Trumbull, OH	3.0	CAINC6N	900.0	51	   Information	Thousands of dollars	39155	38686	52924	40147	31160	43793	44626	42619	37716	37666	37355	30431	27500	28114	27196	25974	27276	26709	26370
 39157	Tuscarawas, OH	3.0	CAINC6N	900.0	51	   Information	Thousands of dollars	13401	15864	16956	22183	19700	20522	20147	19694	16751	13436	14020	14333	14515	15121	15180	13996	13577	14062	14411
 39159	Union, OH	3.0	CAINC6N	900.0	51	   Information	Thousands of dollars	3662	3839	4218	4835	4392	5319	5650	6009	7183	8572	11594	9862	5778	6077	6192	6473	7308	8309	8444
 39161	Van Wert, OH	3.0	CAINC6N	900.0	51	   Information	Thousands of dollars	2546	2403	2390	2229	2231	2249	2352	2234	2109	2307	1478	2154	2091	2014	1986	1918	1742	1521	1669
 39163	Vinton, OH	3.0	CAINC6N	900.0	51	   Information	Thousands of dollars	(D)	(D)	(D)	(D)	(D)	(D)	(D)	(D)	(D)	(D)	(D)	(D)	(D)	(D)	(D)	(D)	(D)	0	0
 39165	Warren, OH	3.0	CAINC6N	900.0	51	   Information	Thousands of dollars	34503	60749	64701	113245	111432	94720	108167	116021	153165	158339	154384	164210	156202	129238	129948	121274	117768	106587	52297
 39167	Washington, OH	3.0	CAINC6N	900.0	51	   Information	Thousands of dollars	6839	5634	5687	6036	6819	6797	7084	4799	4599	4124	4383	5315	4841	5265	5513	4970	4383	4582	3922
 39169	Wayne, OH	3.0	CAINC6N	900.0	51	   Information	Thousands of dollars	14482	14434	15399	17405	16992	18137	18087	18816	20145	14915	14737	13811	13170	12759	12693	12676	12578	12088	11992
 39171	Williams, OH	3.0	CAINC6N	900.0	51	   Information	Thousands of dollars	5553	5541	6433	6544	6448	5669	5630	5710	(D)	(D)	4545	4424	4539	4754	4291	4162	4331	4769	4818
 39173	Wood, OH	3.0	CAINC6N	900.0	51	   Information	Thousands of dollars	40891	37217	39072	40715	41144	33366	37109	27753	23414	24693	28165	25720	25826	26676	26270	26444	68065	72093	73627
 39175	Wyandot, OH	3.0	CAINC6N	900.0	51	   Information	Thousands of dollars	3117	2635	2982	2947	2970	2729	3234	3135	3593	(D)	2715	2730	2982	2925	2633	2147	1958	2146	3143
