GeoFIPS	GeoName	Region	TableName	LineCode	IndustryClassification	Description	Unit	2001	2002	2003	2004	2005	2006	2007	2008	2009	2010	2011	2012	2013	2014	2015	2016	2017	2018	2019
 39000	Ohio	3.0	CAINC6N	400.0	23	   Construction	Thousands of dollars	11293431	11276795	11335875	11768401	11930705	12221696	12532321	12273301	10840546	10129528	10847680	11520801	12206236	13340011	14055868	14605705	16383690	16692105	17458563
 39001	Adams, OH	3.0	CAINC6N	400.0	23	   Construction	Thousands of dollars	2541	(D)	4079	4770	4309	9214	28280	18790	7106	7150	(D)	(D)	7352	6756	7865	9841	13619	14196	14922
 39003	Allen, OH	3.0	CAINC6N	400.0	23	   Construction	Thousands of dollars	101399	105904	110249	113030	116497	117230	113904	106748	89029	82373	84583	98396	103443	110241	113660	117150	120847	133518	146993
 39005	Ashland, OH	3.0	CAINC6N	400.0	23	   Construction	Thousands of dollars	30210	30240	29549	31061	37719	36313	36601	32943	28838	30107	30473	32098	34651	38744	45725	48641	55311	59452	58010
 39007	Ashtabula, OH	3.0	CAINC6N	400.0	23	   Construction	Thousands of dollars	49985	43542	46916	47199	50557	43784	46320	43450	52818	52167	59832	45070	51069	45717	60403	61830	74700	64588	77949
 39009	Athens, OH	3.0	CAINC6N	400.0	23	   Construction	Thousands of dollars	15683	15599	15798	15341	16057	15816	17610	(D)	(D)	(D)	(D)	26396	25902	26355	25857	27223	31750	32179	51705
 39011	Auglaize, OH	3.0	CAINC6N	400.0	23	   Construction	Thousands of dollars	47362	43768	40751	42556	41747	53797	50171	48975	48991	43373	43753	42275	45051	48247	53338	55157	57352	60420	65179
 39013	Belmont, OH	3.0	CAINC6N	400.0	23	   Construction	Thousands of dollars	37762	38125	44885	50430	56619	52887	54067	54897	50538	52746	56014	62479	70999	(D)	74179	71096	107159	108552	84479
 39015	Brown, OH	3.0	CAINC6N	400.0	23	   Construction	Thousands of dollars	9607	(D)	(D)	(D)	(D)	(D)	(D)	(D)	(D)	(D)	(D)	(D)	(D)	(D)	(D)	11392	16259	14140	(D)
 39017	Butler, OH	3.0	CAINC6N	400.0	23	   Construction	Thousands of dollars	374228	441144	465564	495764	510063	550716	527009	520994	431197	382898	442413	390717	402589	438646	463396	506648	592556	578366	597498
 39019	Carroll, OH	3.0	CAINC6N	400.0	23	   Construction	Thousands of dollars	11722	11196	11272	10418	9297	8577	10435	10398	7897	7873	8437	26284	78225	58100	41098	73999	100021	30949	32850
 39021	Champaign, OH	3.0	CAINC6N	400.0	23	   Construction	Thousands of dollars	9371	9893	12126	13773	12408	12425	13381	14741	11696	9591	9677	11816	13124	14380	15317	15882	28853	18477	17148
 39023	Clark, OH	3.0	CAINC6N	400.0	23	   Construction	Thousands of dollars	84383	79804	78926	81335	75318	71470	68793	67559	61639	52186	53346	53622	61020	59598	58972	59435	64250	64008	64636
 39025	Clermont, OH	3.0	CAINC6N	400.0	23	   Construction	Thousands of dollars	150109	162348	151076	154797	153399	182122	174207	154851	137574	122718	129037	150533	156162	177866	195613	211263	210755	218991	225711
 39027	Clinton, OH	3.0	CAINC6N	400.0	23	   Construction	Thousands of dollars	12978	13109	12709	13086	13711	13542	12809	13331	11124	11312	11333	12619	11963	11962	12375	13017	14414	17440	20976
 39029	Columbiana, OH	3.0	CAINC6N	400.0	23	   Construction	Thousands of dollars	49793	48904	44840	46214	49318	50294	52662	48554	46259	40569	45856	47107	65217	71321	60640	58283	60665	63902	85641
 39031	Coshocton, OH	3.0	CAINC6N	400.0	23	   Construction	Thousands of dollars	12201	11727	12626	11996	10927	12086	18269	16515	9572	10021	9186	10099	11354	15536	135282	14990	15430	17547	18589
 39033	Crawford, OH	3.0	CAINC6N	400.0	23	   Construction	Thousands of dollars	25728	27548	26354	23963	21139	17740	17861	16989	15453	15863	17886	18460	18545	21582	20878	22213	26804	25772	29629
 39035	Cuyahoga, OH	3.0	CAINC6N	400.0	23	   Construction	Thousands of dollars	1474794	1459840	1443431	1501962	1465184	1504607	1547587	1526136	1351438	1281267	1346506	1401766	1516941	1551831	1591237	1634899	1720938	1869659	1933622
 39037	Darke, OH	3.0	CAINC6N	400.0	23	   Construction	Thousands of dollars	54594	53198	47818	49016	44260	43819	46591	46364	46230	41204	43736	49410	49655	51604	55065	56584	61200	55329	57551
 39039	Defiance, OH	3.0	CAINC6N	400.0	23	   Construction	Thousands of dollars	(D)	27906	24800	23939	21083	22686	23043	24430	21228	20086	17597	19945	20205	20633	21988	20326	20715	20887	21417
 39041	Delaware, OH	3.0	CAINC6N	400.0	23	   Construction	Thousands of dollars	139252	137999	154336	165404	177152	172261	171641	158403	130945	139501	145668	161292	171270	198689	215555	228498	269684	290437	308704
 39043	Erie, OH	3.0	CAINC6N	400.0	23	   Construction	Thousands of dollars	62193	60359	62416	61272	60925	56335	55619	50093	46568	53076	59004	52716	49389	52917	56550	59935	65328	70459	76323
 39045	Fairfield, OH	3.0	CAINC6N	400.0	23	   Construction	Thousands of dollars	86803	92898	92325	98285	98991	103702	100771	91374	83564	79619	80176	88632	98293	109446	108170	125972	141999	159137	178752
 39047	Fayette, OH	3.0	CAINC6N	400.0	23	   Construction	Thousands of dollars	10856	10858	11058	12951	13808	15382	14767	14018	13729	12478	12483	12176	13583	16324	18327	18895	21624	25373	20551
 39049	Franklin, OH	3.0	CAINC6N	400.0	23	   Construction	Thousands of dollars	1654197	1604378	1580134	1644426	1625280	1623700	1602537	1545082	1349098	1233415	1317915	1427855	1565044	1700990	1812015	1929243	2320611	2398143	2567484
 39051	Fulton, OH	3.0	CAINC6N	400.0	23	   Construction	Thousands of dollars	51760	48106	45743	49636	50364	50846	53305	49776	42838	36654	36958	40092	43244	49368	57797	54463	63708	66781	77532
 39053	Gallia, OH	3.0	CAINC6N	400.0	23	   Construction	Thousands of dollars	15574	16566	(D)	24948	29537	68034	46816	59659	53946	29269	16544	11042	10171	7258	10399	10101	24451	27345	29961
 39055	Geauga, OH	3.0	CAINC6N	400.0	23	   Construction	Thousands of dollars	104515	100455	100536	109426	121843	122904	121600	114904	95853	94992	100329	110041	117920	133273	143717	140348	153968	161693	158779
 39057	Greene, OH	3.0	CAINC6N	400.0	23	   Construction	Thousands of dollars	72707	73116	77475	84904	91286	94243	97806	101320	91443	82465	82347	79852	82198	88713	94702	87625	95568	102976	108753
 39059	Guernsey, OH	3.0	CAINC6N	400.0	23	   Construction	Thousands of dollars	29614	29391	28616	23748	22689	21577	24891	34083	50039	36024	36050	51000	64076	82772	96589	66308	96708	68151	55378
 39061	Hamilton, OH	3.0	CAINC6N	400.0	23	   Construction	Thousands of dollars	1315063	1250416	1329739	1385876	1441223	1422976	1462438	1437869	1278338	1173045	1234346	1303775	1347346	1461478	1564608	1740786	1875318	1884829	1892021
 39063	Hancock, OH	3.0	CAINC6N	400.0	23	   Construction	Thousands of dollars	(D)	(D)	(D)	41562	(D)	49077	(D)	(D)	(D)	(D)	(D)	(D)	62864	69100	70299	76376	86355	98414	88416
 39065	Hardin, OH	3.0	CAINC6N	400.0	23	   Construction	Thousands of dollars	6571	6077	5797	6037	5204	5030	4669	4921	4655	4600	4929	5205	6400	6240	4977	5850	6534	6006	6179
 39067	Harrison, OH	3.0	CAINC6N	400.0	23	   Construction	Thousands of dollars	9874	3013	3414	3225	3444	3932	3347	4078	3058	3129	3369	13958	37637	31919	23852	11911	31321	15552	18232
 39069	Henry, OH	3.0	CAINC6N	400.0	23	   Construction	Thousands of dollars	28232	26256	28339	30412	29206	32010	32769	33221	28670	26885	29738	33293	32948	42630	43557	49695	58952	54140	57612
 39071	Highland, OH	3.0	CAINC6N	400.0	23	   Construction	Thousands of dollars	16342	12213	11392	12047	13528	13906	12852	12820	12890	14185	14290	13847	16136	15489	15203	16480	16402	18145	19188
 39073	Hocking, OH	3.0	CAINC6N	400.0	23	   Construction	Thousands of dollars	12342	10938	11098	12113	12349	12023	12513	12920	10757	14268	12128	13306	16106	15525	12725	12872	14168	14695	17356
 39075	Holmes, OH	3.0	CAINC6N	400.0	23	   Construction	Thousands of dollars	37420	41808	46158	57933	63134	69851	72036	70582	69154	71719	74381	77757	89273	104186	113310	119656	129393	142813	145236
 39077	Huron, OH	3.0	CAINC6N	400.0	23	   Construction	Thousands of dollars	83637	85561	87260	90638	95280	101690	103998	101031	95671	93765	91157	102203	106171	112578	123319	124939	148816	152604	152764
 39079	Jackson, OH	3.0	CAINC6N	400.0	23	   Construction	Thousands of dollars	12995	15766	16586	18948	18625	17507	21867	21446	18964	22711	20536	21868	22491	26036	25148	24741	26532	23766	27234
 39081	Jefferson, OH	3.0	CAINC6N	400.0	23	   Construction	Thousands of dollars	63989	93827	79810	62481	54462	58396	103069	183607	138802	65592	77753	56469	(D)	(D)	(D)	65220	76206	79939	(D)
 39083	Knox, OH	3.0	CAINC6N	400.0	23	   Construction	Thousands of dollars	47904	58089	55539	46644	42592	43415	50239	55715	49453	46359	47737	43770	59892	58723	52361	62637	83604	90172	93351
 39085	Lake, OH	3.0	CAINC6N	400.0	23	   Construction	Thousands of dollars	217172	222629	227722	232114	228303	221725	225211	217193	189738	217714	241575	235803	249278	270525	281032	269550	313182	293989	300541
 39087	Lawrence, OH	3.0	CAINC6N	400.0	23	   Construction	Thousands of dollars	31568	25408	26794	30032	31392	(D)	30437	46265	40909	41232	47610	51034	51356	66411	61123	55355	58854	61356	(D)
 39089	Licking, OH	3.0	CAINC6N	400.0	23	   Construction	Thousands of dollars	129764	132302	129251	140192	147189	162187	163031	159351	175231	129778	129380	133091	138038	156454	205636	204948	161448	189280	200964
 39091	Logan, OH	3.0	CAINC6N	400.0	23	   Construction	Thousands of dollars	32050	28166	29003	28520	28420	31893	31111	29663	25413	25035	26494	29466	33709	33660	35418	35283	37847	39951	40351
 39093	Lorain, OH	3.0	CAINC6N	400.0	23	   Construction	Thousands of dollars	257121	244197	254934	270206	272753	262252	254500	239434	201847	191018	199736	217461	228407	254781	257321	253684	268798	276154	286162
 39095	Lucas, OH	3.0	CAINC6N	400.0	23	   Construction	Thousands of dollars	635969	567392	567481	595631	624408	642559	661329	614480	577400	510418	557025	648816	570645	689422	672722	745426	722710	725490	851336
 39097	Madison, OH	3.0	CAINC6N	400.0	23	   Construction	Thousands of dollars	17812	18711	20409	20179	23554	22351	22141	20086	17925	15914	19706	22778	21139	22465	22886	26831	28609	33002	39052
 39099	Mahoning, OH	3.0	CAINC6N	400.0	23	   Construction	Thousands of dollars	267465	265690	264906	268205	280216	291090	303546	286986	257058	247798	259819	289399	317400	325016	318439	320593	346853	362814	360530
 39101	Marion, OH	3.0	CAINC6N	400.0	23	   Construction	Thousands of dollars	37341	41012	39265	37019	36312	38955	43409	35613	25331	22938	30013	31853	29024	30354	32288	34196	38437	39288	38492
 39103	Medina, OH	3.0	CAINC6N	400.0	23	   Construction	Thousands of dollars	140911	141566	171625	180824	202029	194449	193660	185546	180522	169653	183982	202040	222106	247883	259827	268870	308021	312814	330860
 39105	Meigs, OH	3.0	CAINC6N	400.0	23	   Construction	Thousands of dollars	16630	20511	12570	9853	9557	12588	11860	13221	13674	11775	11579	12081	11420	13431	13371	13287	13835	13263	15900
 39107	Mercer, OH	3.0	CAINC6N	400.0	23	   Construction	Thousands of dollars	40688	41159	42658	40134	40484	41216	43688	46607	45320	44176	46124	47732	53356	59707	65005	66929	69502	73849	76333
 39109	Miami, OH	3.0	CAINC6N	400.0	23	   Construction	Thousands of dollars	84538	82662	76832	79671	88564	92726	94531	87508	76555	74847	76334	87169	82588	100744	95366	101876	110369	119710	120987
 39111	Monroe, OH	3.0	CAINC6N	400.0	23	   Construction	Thousands of dollars	5728	5961	5497	6442	7811	7185	6750	7333	6266	5291	6762	6652	12940	29162	18088	7582	11222	12439	25312
 39113	Montgomery, OH	3.0	CAINC6N	400.0	23	   Construction	Thousands of dollars	538321	532868	541724	556055	548195	547665	562750	541732	471280	450925	461940	482260	524207	569552	613106	626413	657561	692860	739775
 39115	Morgan, OH	3.0	CAINC6N	400.0	23	   Construction	Thousands of dollars	13343	14683	17707	8127	6291	6333	6130	6718	3482	2245	1670	1812	1802	2072	7765	5974	5862	6758	6440
 39117	Morrow, OH	3.0	CAINC6N	400.0	23	   Construction	Thousands of dollars	8451	8656	10884	11009	14959	14744	12039	14087	8036	6545	7022	10863	13800	10772	53687	69625	12157	16476	19575
 39119	Muskingum, OH	3.0	CAINC6N	400.0	23	   Construction	Thousands of dollars	58107	54582	53371	59836	54508	53701	48174	47064	39664	39106	89855	58515	42541	46974	50925	55447	61483	70284	75950
 39121	Noble, OH	3.0	CAINC6N	400.0	23	   Construction	Thousands of dollars	2086	3092	2622	3350	3197	3453	4007	4974	3730	3993	4050	4948	69562	18057	12825	6454	8131	6393	6577
 39123	Ottawa, OH	3.0	CAINC6N	400.0	23	   Construction	Thousands of dollars	19526	19326	20654	22978	22859	22817	23239	21114	20637	22195	21976	25969	27481	32324	32120	32655	41215	44876	42191
 39125	Paulding, OH	3.0	CAINC6N	400.0	23	   Construction	Thousands of dollars	3666	4676	7310	5599	5149	7553	10630	12916	8454	5890	10293	6144	5954	4888	5002	5826	5885	4463	4363
 39127	Perry, OH	3.0	CAINC6N	400.0	23	   Construction	Thousands of dollars	25277	34747	42518	40158	39431	40425	43107	43917	44787	41456	42707	42945	47173	42313	11275	8621	60491	52858	50428
 39129	Pickaway, OH	3.0	CAINC6N	400.0	23	   Construction	Thousands of dollars	40446	28400	29256	32772	34677	38205	36883	35098	29287	36942	50578	33398	39045	38358	42688	46763	60983	76082	78330
 39131	Pike, OH	3.0	CAINC6N	400.0	23	   Construction	Thousands of dollars	17030	17488	20104	21774	28188	31673	42537	49653	50026	40143	40653	42954	48870	46106	50199	48427	43928	39823	32487
 39133	Portage, OH	3.0	CAINC6N	400.0	23	   Construction	Thousands of dollars	107219	107474	103946	102474	109213	115073	117397	108576	95747	89905	101440	108627	110300	122866	133690	137096	172411	160795	162009
 39135	Preble, OH	3.0	CAINC6N	400.0	23	   Construction	Thousands of dollars	14911	13998	15830	17024	17550	16943	17272	17615	15083	14961	14300	12623	13760	14944	16593	19878	19890	21566	23931
 39137	Putnam, OH	3.0	CAINC6N	400.0	23	   Construction	Thousands of dollars	34352	35998	38122	41541	41177	41910	42644	42440	40126	38932	40539	41564	44159	46914	48985	49608	54507	53978	56528
 39139	Richland, OH	3.0	CAINC6N	400.0	23	   Construction	Thousands of dollars	83020	86248	83376	94326	106888	101317	102018	98869	90590	96414	99407	115028	110812	130552	130720	133133	154178	150290	154036
 39141	Ross, OH	3.0	CAINC6N	400.0	23	   Construction	Thousands of dollars	39513	43341	45958	51814	41629	39944	44234	39544	29862	29476	28811	31118	31007	36710	39700	41148	38950	45907	52526
 39143	Sandusky, OH	3.0	CAINC6N	400.0	23	   Construction	Thousands of dollars	46565	39892	38861	45063	43221	40846	52200	48130	41433	38662	39773	51271	78989	65268	62630	54125	59329	62552	63357
 39145	Scioto, OH	3.0	CAINC6N	400.0	23	   Construction	Thousands of dollars	47846	48596	45021	63331	49050	46776	76701	87900	39485	31369	31184	40038	40793	41897	34926	34531	31923	30008	32732
 39147	Seneca, OH	3.0	CAINC6N	400.0	23	   Construction	Thousands of dollars	44722	43656	44715	51398	54691	55858	58221	57142	52899	52365	55854	61457	54867	57599	59869	56394	65247	64750	70223
 39149	Shelby, OH	3.0	CAINC6N	400.0	23	   Construction	Thousands of dollars	76131	76543	76223	75252	75915	84552	84561	84067	72360	70258	81254	91138	91871	92609	111416	114673	123573	121883	135938
 39151	Stark, OH	3.0	CAINC6N	400.0	23	   Construction	Thousands of dollars	360280	359133	383452	413587	412857	405074	410906	401485	341455	322296	367498	403310	436759	479567	472566	495986	591987	591395	593348
 39153	Summit, OH	3.0	CAINC6N	400.0	23	   Construction	Thousands of dollars	521428	518548	536740	564413	568706	633564	650654	621048	559751	552698	577159	629396	594726	727121	732175	759319	838807	904691	947731
 39155	Trumbull, OH	3.0	CAINC6N	400.0	23	   Construction	Thousands of dollars	108062	108092	111184	131615	125991	128647	137433	135250	116374	122918	145427	164225	160517	153737	141841	149509	166378	175083	174427
 39157	Tuscarawas, OH	3.0	CAINC6N	400.0	23	   Construction	Thousands of dollars	57064	60396	62976	65418	65749	67954	75787	70366	63062	61874	66000	63689	74991	96209	119903	127673	292493	153971	142148
 39159	Union, OH	3.0	CAINC6N	400.0	23	   Construction	Thousands of dollars	41532	38931	37338	37021	40746	40089	48820	49496	36123	35303	35972	38789	42862	53995	69951	67650	68910	75072	83621
 39161	Van Wert, OH	3.0	CAINC6N	400.0	23	   Construction	Thousands of dollars	11628	10124	9825	9384	9498	11381	11920	11520	12423	15180	27210	17637	20671	20270	19872	23189	23148	25782	28167
 39163	Vinton, OH	3.0	CAINC6N	400.0	23	   Construction	Thousands of dollars	3776	16610	9994	(D)	2474	3936	15589	9064	6775	(D)	(D)	22241	5569	5967	3446	2344	2786	3605	2065
 39165	Warren, OH	3.0	CAINC6N	400.0	23	   Construction	Thousands of dollars	115312	111805	111927	116668	120966	140907	143511	144995	134137	136668	142313	152653	162659	208035	253823	247640	294328	335626	328235
 39167	Washington, OH	3.0	CAINC6N	400.0	23	   Construction	Thousands of dollars	104094	191555	115176	65006	75031	70081	104576	114527	91730	70687	79844	(D)	96029	132713	109530	112997	113238	111596	146835
 39169	Wayne, OH	3.0	CAINC6N	400.0	23	   Construction	Thousands of dollars	106714	113225	115891	129131	131307	127421	127932	119206	103067	95374	98542	95776	100127	107853	121549	124032	151025	144518	150911
 39171	Williams, OH	3.0	CAINC6N	400.0	23	   Construction	Thousands of dollars	22545	21502	20741	22624	23533	24282	22589	21945	23678	21458	20011	21806	22653	24447	26579	26764	30227	31103	30667
 39173	Wood, OH	3.0	CAINC6N	400.0	23	   Construction	Thousands of dollars	189487	191312	166756	159303	174735	183767	182086	174814	144958	145623	172258	196161	180850	213248	285680	340594	384996	383628	409493
 39175	Wyandot, OH	3.0	CAINC6N	400.0	23	   Construction	Thousands of dollars	22515	22050	23480	25099	27715	27725	28512	39025	38970	35356	34774	41088	41660	46953	52468	54387	57128	60092	69071
